# Summary

Date : 2023-11-14 17:14:03

Directory g:\\DOCUMENTS\\node.js projects\\Second-Game\\frontend

Total : 19 files,  987 codes, 3 comments, 104 blanks, all 1094 lines

Summary / [Details](details.md) / [Diff Summary](diff.md) / [Diff Details](diff-details.md)

## Languages
| language | files | code | comment | blank | total |
| :--- | ---: | ---: | ---: | ---: | ---: |
| JavaScript | 8 | 673 | 3 | 66 | 742 |
| CSS | 4 | 192 | 0 | 33 | 225 |
| HTML | 7 | 122 | 0 | 5 | 127 |

## Directories
| path | files | code | comment | blank | total |
| :--- | ---: | ---: | ---: | ---: | ---: |
| . | 19 | 987 | 3 | 104 | 1,094 |
| . (Files) | 7 | 122 | 0 | 5 | 127 |
| css | 4 | 192 | 0 | 33 | 225 |
| js | 8 | 673 | 3 | 66 | 742 |

Summary / [Details](details.md) / [Diff Summary](diff.md) / [Diff Details](diff-details.md)